10344754
10440138
10463953
10485647
10512661
10533913
10535568
10537853
10574468
10574622
10576419
10577869
10605978
10741643
10763164
10772258
10777687
10807909
10808442
10831445
10833923
10833924
11026735
11510624
11525673
11529526
11803087
1291543
1291544
1291545
1291546
1291548
1291549
1291550
1291552
1291554
1291555
1291557
1291558
1291560
1291561
1291562
1291565
1291571
1291572
1291575
1291577
1291578
1291579
1291580
1291583
1291585
1291586
1291588
1291818
1291822
1291824
1291828
1291832
1291833
1291835
1291836
1291838
1291839
1291840
1291841
1291842
1291843
1291844
1291847
1291851
1291853
1291858
1291868
1291869
1291870
1291875
1291879
1291936
1291990
1291992
1291999
1292001
1292047
1292048
1292052
1292056
1292062
1292063
1292064
1292206
1292207
1292208
1292212
1292213
1292214
1292215
1292217
1292218
1292219
1292220
1292222
1292223
1292224
1292225
1292226
1292229
1292233
1292260
1292262
1292267
1292270
1292271
1292274
1292275
1292279
1292286
1292287
1292289
1292328
1292329
1292337
1292343
1292348
1292365
1292370
1292371
1292401
1292402
1292434
1292523
1292528
1292553
1292656
1292659
1292679
1292718
1292720
1292722
1292728
1292792
1292849
1292925
1293124
1293145
1293155
1293172
1293182
1293203
1293318
1293323
1293350
1293359
1293530
1293531
1293544
1293708
1293764
1293818
1293839
1293929
1293964
1294007
1294240
1294408
1294638
1294639
1294833
1294990
1295038
1295045
1295124
1295229
1295399
1295409
1295644
1295647
1295865
1296141
1296339
1296736
1296753
1296778
1296909
1296992
1296996
1297052
1297102
1297192
1297359
1297447
1297478
1297544
1297570
1297574
1297630
1298038
1298070
1298128
1298624
1298653
1298744
1298759
1298898
1298909
1299131
1299288
1299327
1299398
1299661
1300117
1300267
1300275
1300374
1300613
1300618
1300960
1300992
1301106
1301168
1301169
1301445
1301459
1301578
1301617
1301753
1301890
1301948
1302425
1302467
1302476
1302827
1302987
1303021
1303037
1303173
1303246
1303394
1304073
1304102
1304141
1304447
1304585
1304641
1304970
1305065
1305164
1305487
1305666
1305690
1305725
1305903
1306029
1306123
1306505
1306662
1306730
1306861
1307106
1307332
1307394
1307542
1307694
1307766
1307793
1307811
1307914
1308076
1308570
1308575
1308587
1308741
1308747
1308755
1308767
1308777
1308779
1308799
1308804
1308807
1308817
1308820
1308833
1308843
1308857
1308865
1308974
1309004
1309015
1309016
1309021
1309043
1309046
1309052
1309055
1309059
1309060
1309069
1309101
1309163
1309172
1309199
1315574
1316510
1316580
1325958
1329562
1388216
1418070
1418192
1418200
1418605
1418752
1418834
1419933
1419936
1419969
1421823
1428175
1432146
1432180
1433330
1433360
1433577
1433990
1438652
1440703
1441238
1450031
1457217
1457218
1457707
1466007
1469441
1474180
1474185
1478064
1482072
1484091
1485260
1498818
1498831
1499008
1499148
1578507
1652587
1756073
1759386
1760622
1763134
1766086
1767042
1777612
1780330
1783457
1783772
1787291
1793491
1793903
1793929
1794171
1794435
1806555
1819388
1820145
1820156
1828115
1844413
1848925
1849031
1851857
1853176
1857099
1858711
1859036
1860745
1862151
1863766
1865561
1865703
1866479
1867345
1867408
1872133
1885124
1889243
1890572
1890784
1892531
1900841
1905462
1907464
1907966
1914831
1915403
1919245
1920796
1920805
1929463
1937502
1937946
1945330
1945336
1945549
1945780
1947089
1949811
1949812
1950148
1959877
1961963
1962116
1966182
1972698
1972729
1978369
1978709
1981242
19944106
19973815
2027938
2028645
2028666
2028669
2028677
2033822
2037012
20376577
20388223
2043546
20438962
2044089
20470074
20495023
2051007
20513059
20514947
2053515
2063528
20645098
2076181
2082013
2124586
2124703
2124724
2129039
2131459
21318488
2132473
21324900
2132495
2133323
21352814
2135981
21360417
2146991
2149806
2161696
21937445
21937452
21941804
2209368
2209573
2209575
2213591
2213597
2252773
2268359
2277018
2294568
2297265
2300586
2303845
2334904
2336735
2336785
2353023
2363506
2363876
2365260
23761370
24404677
24405378
24719063
24721493
24745500
24750126
24751756
24751763
24773958
24815950
24843198
24847340
24875534
24879820
24879839
25662327
25662329
25710912
25717233
25723907
25724855
25726614
25750969
25765735
25766754
25769362
25773932
25777636
25798222
25798448
25801066
25805741
25808075
25814705
25814707
25815034
25820460
25821634
25827935
25837262
25864085
25870084
25890005
25895276
25895901
25917973
25919910
25921812
25929151
25934014
25937854
25964071
25980443
25983044
25986180
26035290
26259677
26277313
26280528
26289144
26311973
26325320
26363254
26366465
26384741
26387939
26393561
26416603
26437237
26607693
26614893
26628357
26630781
26647117
26683290
26698897
26799731
26811587
2968813
2969282
2973079
2974278
2982823
2996640
2997052
2997076
2998270
3003830
3005875
3006309
3006772
3007773
3007817
3007826
3008247
3009161
3011051
3011091
3011093
3011235
3011308
3025375
3036997
3041269
3041806
3068206
3071441
3071604
3072086
3072124
3073124
3075287
3077412
3077791
3078517
3078609
3094909
3143676
3148027
3148748
3155477
3157605
3158990
3168086
3168089
3169043
3179706
3205624
3217169
3227410
3230459
3231742
3233635
3233761
3240208
3262050
3274505
3275168
3287562
3313801
3319755
3321409
3364223
3395373
3397503
3412830
3412882
3442220
3530403
3541415
3552028
3560787
3578925
3578981
3592853
3592854
3596502
3610047
3626365
3626372
3626416
3642835
3642843
3649049
3711760
3718279
3726072
3731581
3732780
3732800
3734112
3734350
3737102
3742360
3771562
3789848
3792799
3792848
3793023
3793783
3804891
3808604
3813779
3819877
3820191
3821067
3824274
3824672
3908423
3993559
3993588
4004731
4009651
4023638
4036000
4051753
4059245
4066125
4066206
4097023
4135434
4135710
4136036
4151110
4160540
4164444
4176542
4190211
4191644
4196129
4202302
4202982
4206357
4206436
4212172
4218768
4226741
4237879
4249355
4268598
4271894
4286017
4305436
4319218
4709904
4718369
4724739
4728584
4739952
4746257
4798888
4807924
4822848
4826419
4843637
4847665
4848115
4873490
4876722
4896263
4896304
4906427
4914468
4915857
4917726
4920389
4920528
4924142
4942776
5045678
5308265
5318669
5322596
5323968
5327268
5344178
5350027
5360889
5360890
5364905
5422105
5960606
5964718
5977835
5989818
5993185
5996801
6011805
6011806
6019180
6021916
6041191
6057942
6080775
6097775
6126442
6307447
6386345
6390823
6390825
6517421
6534248
6537486
6537500
6549903
6722879
6730004
6786002
6791750
6799191
6803494
6829652
6844868
6860160
6872273
6874403
6874456
6874741
6878446
6879185
6890730
6973376
6982558
6985803
6985810
7046723
7065154
