2
11
18
27
33
36
38
39
54
56
57
58
67
77
92
95
98
107
109
112
115
116
120
129
133
137
163
165
166
167
168
169
170
171
172
174
175
177
178
180
181
182
185
189
190
193
195
196
197
198
201
203
204
206
207
208
210
211
214
215
216
217
218
219
220
221
222
223
224
225
227
229
230
235
236
237
239
242
243
247
248
249
250
251
252
255
257
258
259
260
263
264
265
267
268
269
270
272
273
274
275
276
277
278
279
280
281
283
286
287
289
292
293
295
296
300
304
305
307
309
310
314
319
322
325
326
327
329
330
332
346
347
354
365
366
370
376
378
379
380
391
396
405
425
429
433
438
443
448
462
463
464
467
491
492
494
506
514
524
530
544
547
553
564
574
597
598
611
623
626
627
633
637
653
654
669
671
685
696
716
736
737
739
747
753
754
761
763
770
784
786
787
792
794
795
800
824
828
833
861
865
868
871
879
880
895
907
909
915
930
960
969
970
979
996
998
1015
1017
1019
1023
1024
1040
1041
1046
1049
1057
1067
1073
1094
1098
1099
1110
1115
1119
1123
1133
1136
1141
1179
1181
1182
1189
1196
1201
1220
1227
1234
1255
1262
1264
1269
1274
1279
1283
1303
1319
1325
1335
1349
1360
1367
1380
1390
1402
1405
1407
1415
1427
1458
1460
1462
1478
1482
1490
1493
1499
1500
1503
1504
1505
1507
1509
1512
1516
1522
1524
1530
1540
1542
1543
1546
1549
1551
1553
1556
1557
1558
1561
1572
1584
1585
1588
1609
1611
1616
1627
1632
1652
1710
1716
1718
1721
1723
1724
1730
1733
1735
1745
1778
1799
1800
1806
1807
1810
1814
1827
1834
1837
1844
1848
1849
1851
1874
1883
1894
1895
1903
1908
1920
1922
1925
1926
1927
1928
1932
1945
1954
1959
1962
1966
1970
1972
1978
1981
1984
1987
1990
1999
2000
2005
2006
2009
2013
2016
2017
2018
2023
2027
2029
2030
2037
2040
2046
2049
2052
2054
2057
2060
2066
2067
2077
2080
2081
2086
2094
2099
2101
2102
2108
2117
2119
2122
2124
2127
2129
2137
2140
2142
2152
2157
2159
2170
2171
2172
2173
2180
2195
2196
2197
2206
2207
2208
2214
2221
2223
2225
2226
2228
2232
2244
2269
2275
2280
2281
2282
2289
2292
2293
2302
2315
2317
2319
2327
2333
2337
2338
2341
2346
2361
2363
2370
2381
2391
2392
2394
2397
2403
2408
2416
2419
2420
2428
2442
2447
2449
2457
2464
2474
2486
2488
2490
2491
2492
2493
2494
2495
2521
2538
2544
2557
2559
2563
2571
2583
2585
2588
2595
2617
2619
2622
2630
2647
2648
2662
2663
2673
2674
2677
2679
2684
2685
2689
2693
2701
2702
2703
2711
2712
2720
2724
2728
2729
2730
2743
2754
2755
2757
2758
2766
2789
2791
2792
2795
2797
2801
2802
2804
2808
2811
2820
2828
2855
2858
2875
2878
2879
2892
2893
2895
2897
2900
2902
2913
2921
2922
2924
2932
2957
2970
2976
2985
2999
3010
3035
3037
3047
3050
3057
3064
3073
3095
3099
3105
3106
3110
3128
3136
3166
3168
3207
3208
3211
3215
3222
3230
3232
3233
3237
3248
3252
3254
3256
3259
3261
3263
3265
3269
3273
3275
3276
3278
3279
3306
3320
3324
3329
3336
3339
3345
3348
3349
3354
3365
3367
3374
3380
3382
3389
3412
3417
3420
3426
3429
3432
3434
3435
3437
3443
3451
3468
3473
3476
3479
3480
3481
3486
3493
3508
3509
3522
3535
3537
3539
3552
3557
3559
3566
3567
3579
3585
3589
3595
3596
3612
3614
3619
3620
3623
3633
3638
3639
3640
3644
3645
3649
3664
3666
3675
3679
3682
3683
3684
3685
3687
3688
3705
3711
3713
3715
3717
3718
3723
3727
3729
3732
3734
3735
3737
3739
3751
3763
3764
3768
3769
3774
3778
3783
3786
3788
3789
3800
3816
3819
3820
3823
3829
3830
3834
3837
3838
3839
3842
3844
3846
3847
3849
3852
3854
3858
3860
3863
3866
3870
3884
3890
3901
3904
3907
3912
3914
3915
3918
3919
3927
3932
3944
3948
3949
3954
3955
3966
3967
3975
3978
3982
3984
3986
3987
3989
3997
4006
4043
4047
4051
4054
4057
4061
4063
4068
4069
4070
4081
4098
4099
4107
4112
4114
4119
4124
4125
4128
4129
4134
4142
4147
4152
4157
4165
4169
4170
4171
4181
4186
4188
4189
4192
4201
4202
4217
4220
4222
4224
4229
4233
4239
4245
4252
4254
4255
4263
4264
4269
4278
4280
4282
4283
4288
4301
