10001432
10047547
10344754
10355329
10432911
10437779
10438426
10438691
10439235
10439358
10439805
10440138
10441161
10450409
10450713
10453723
10453730
10453731
10463953
10466341
10467125
10467774
10482125
10484041
10484117
10484601
10485526
10485647
10487226
10487568
10491641
10508876
10508901
10512661
10521648
10522066
10533913
10535562
10535568
10537853
10537949
10540062
10540066
10545939
10546666
10546747
10548265
10549480
10562986
10562987
10563779
10568385
10571509
10573695
10574468
10574474
10574622
10576419
10577869
10586620
10594965
10598440
10600271
10604486
10604554
10604892
10604893
10605978
10617158
10726941
10727641
10733376
10733558
10735399
10736586
10738134
10741220
10741643
10741834
10741871
10743974
10745397
10745405
10746175
10746430
10748226
10748498
10754780
10756518
10757577
10760030
10763157
10763164
10763928
10766459
10772258
10773239
10774184
10777687
10788846
10792322
10792633
10792650
10793610
10793719
10794042
10796594
10807909
10807916
10808442
10810745
10827341
10831445
10831449
10833919
10833923
10833924
10833970
10864706
10876425
11026735
11443314
11443316
11443810
11499033
11500954
11501396
11502912
11502973
11510624
11516701
11520649
11524967
11525673
11526817
11527487
11528251
11529526
11537964
11537965
11538048
11540651
11584016
11584019
11589036
11594933
11598669
11598977
11600078
11601131
11606328
11610281
11610450
11610693
11611021
11614603
11615927
11620560
11624706
11625097
11627068
11632544
11776289
11803087
11810348
1291543
1291544
1291545
1291546
1291548
1291549
1291550
1291552
1291553
1291554
1291555
1291556
1291557
1291558
1291559
1291560
1291561
1291562
1291563
1291564
1291565
1291566
1291568
1291569
1291571
1291572
1291573
1291574
1291575
1291576
1291577
1291578
1291579
1291580
1291581
1291582
1291583
1291584
1291585
1291586
1291587
1291588
1291818
1291822
1291823
1291824
1291828
1291830
1291831
1291832
1291833
1291835
1291836
1291838
1291839
1291840
1291841
1291842
1291843
1291844
1291847
1291850
1291851
1291852
1291853
1291858
1291859
1291860
1291861
1291863
1291868
1291869
1291870
1291872
1291875
1291876
1291878
1291879
1291936
1291937
1291976
1291989
1291990
1291992
1291999
1292001
1292047
1292048
1292049
1292050
1292052
1292055
1292056
1292062
1292063
1292064
1292065
1292067
1292206
1292207
1292208
1292211
1292212
1292213
1292214
1292215
1292216
1292217
1292218
1292219
1292220
1292222
1292223
1292224
1292225
1292226
1292229
1292230
1292233
1292234
1292238
1292260
1292262
1292264
1292267
1292268
1292269
1292270
1292271
1292272
1292274
1292275
1292276
1292277
1292278
1292279
1292280
1292281
1292285
1292286
1292287
1292288
1292289
1292326
1292328
1292329
1292330
1292332
1292335
1292337
1292338
1292339
1292340
1292341
1292343
1292344
1292347
1292348
1292349
1292352
1292365
1292370
1292371
1292396
1292401
1292402
1292403
1292434
1292440
1292449
1292450
1292453
1292454
1292465
1292468
1292472
1292474
1292484
1292504
1292506
1292515
1292523
1292528
1292529
1292531
1292533
1292541
1292547
1292550
1292553
1292557
1292574
1292577
1292585
1292586
1292589
1292624
1292625
1292642
1292646
1292656
1292659
1292660
1292664
1292677
1292679
1292697
1292699
1292701
1292703
1292704
1292718
1292719
1292720
1292722
1292728
1292737
1292757
1292759
1292764
1292765
1292769
1292778
1292780
1292781
1292784
1292792
1292798
1292812
1292829
1292843
1292849
1292850
1292867
1292869
1292874
1292881
1292895
1292898
1292900
1292925
1292943
1292950
1292962
1292969
1292973
1292981
1292994
1293004
1293013
1293019
1293050
1293071
1293073
1293077
1293088
1293090
1293105
1293118
1293120
1293124
1293131
1293135
1293142
1293145
1293146
1293147
1293150
1293155
1293156
1293158
1293167
1293171
1293172
1293173
1293175
1293179
1293181
1293182
1293191
1293199
1293200
1293202
1293203
1293204
1293212
1293225
1293226
1293232
1293234
1293237
1293258
1293265
1293270
1293271
1293315
1293317
1293318
1293323
1293350
1293351
1293353
1293359
1293373
1293374
1293377
1293381
1293391
1293394
1293396
1293399
1293414
1293422
1293434
1293442
1293455
1293456
1293460
1293466
1293470
1293471
1293475
1293485
1293492
1293515
1293527
1293530
1293531
1293537
1293544
1293555
1293564
1293566
1293590
1293596
1293603
1293607
1293639
1293643
1293683
1293702
1293708
1293718
1293731
1293732
1293749
1293753
1293755
1293759
1293764
1293765
1293767
1293770
1293778
1293783
1293785
1293792
1293799
1293815
1293818
1293820
1293823
1293824
1293825
1293838
1293839
1293847
1293852
1293861
1293863
1293867
1293868
1293870
1293889
1293908
1293909
1293917
1293925
1293926
1293929
1293934
1293941
1293964
1293973
1293976
1293981
1293993
1294000
1294007
1294011
1294037
1294038
1294092
1294111
1294114
1294136
1294181
1294183
1294194
1294240
1294252
1294262
1294300
1294315
1294323
1294353
1294362
1294371
1294379
1294408
1294413
1294417
1294421
1294433
1294434
1294438
1294461
1294490
1294497
1294503
1294519
1294531
1294561
1294562
1294570
1294573
1294584
1294588
1294589
1294595
1294621
1294634
1294638
1294639
1294671
1294693
1294699
1294737
1294753
1294766
1294768
1294781
1294789
1294791
1294827
1294829
1294833
1294853
1294893
1294917
1294927
1294929
1294941
1294947
1294948
1294950
1294958
1294963
1294990
1294991
1295025
1295038
1295045
1295064
1295078
1295086
1295116
1295120
1295124
1295137
1295225
1295227
1295229
1295242
1295250
1295253
1295255
1295260
1295276
1295280
1295284
1295287
1295292
1295318
1295340
1295344
1295374
1295384
1295399
1295409
1295416
1295428
1295437
1295451
1295460
1295467
1295469
1295485
1295490
1295507
1295576
1295614
1295629
1295638
1295644
1295646
1295647
1295656
1295684
1295686
1295713
1295728
1295742
1295746
1295753
1295783
1295804
1295812
1295815
1295831
1295865
1295870
1295872
1295873
1295899
1295933
1295942
1295965
1296011
1296026
1296078
1296141
1296147
1296153
1296157
1296169
1296177
1296185
1296196
1296201
1296203
1296217
1296218
1296223
1296242
1296246
1296253
1296266
1296272
1296284
1296334
1296339
1296359
1296370
1296384
1296436
1296454
1296459
1296519
1296528
1296535
1296557
1296579
1296583
1296629
1296636
1296666
1296693
1296697
1296703
1296717
1296736
1296753
1296769
1296778
1296791
1296794
1296805
1296814
1296821
1296837
1296908
1296909
1296947
1296963
1296973
1296978
1296987
1296992
1296996
1297003
1297007
1297009
1297018
1297032
1297036
1297052
1297068
1297102
1297110
1297131
1297145
1297148
1297151
1297187
1297192
1297203
1297223
1297229
1297233
1297248
1297268
1297271
1297280
1297291
1297294
1297304
1297311
1297317
1297359
1297418
1297447
1297478
1297514
1297517
1297518
1297531
1297544
1297546
1297570
1297574
1297585
1297598
1297602
1297628
1297630
1297643
1297644
1297646
1297659
1297689
1297710
1297715
1297747
1297756
1297763
1297769
1297785
1297862
1297863
1297880
1297894
1297909
1297924
1297929
1297965
1297970
1297991
1297995
1298038
1298040
1298041
1298043
1298070
1298084
1298107
1298112
1298120
1298128
1298183
1298189
1298202
1298207
1298213
1298241
1298244
1298245
1298248
1298252
1298261
1298270
1298308
1298320
1298346
1298351
1298385
1298443
1298468
1298505
1298506
1298521
1298522
1298525
1298528
1298586
1298596
1298624
1298635
1298638
1298644
1298653
1298672
1298733
1298744
1298753
1298755
1298759
1298761
1298784
1298817
1298871
1298873
1298874
1298880
1298898
1298909
1298917
1298930
1298962
1298973
1298974
1298976
1299054
1299059
1299062
1299080
1299092
1299103
1299112
1299120
1299131
1299135
1299153
1299193
1299195
1299204
1299213
1299243
1299247
1299248
1299250
1299265
1299288
1299292
1299327
1299361
1299362
1299365
1299374
1299383
1299398
1299436
1299441
1299481
1299510
1299513
1299536
1299560
1299576
1299582
1299603
1299607
1299624
1299643
1299658
1299661
1299680
1299711
1299745
1299765
1299769
1299782
1299795
1299799
1299802
1299809
1299811
1299837
1299879
1299889
1299900
1299904
1299923
1299952
1299981
1299990
1300029
1300044
1300055
1300056
1300064
1300069
1300082
1300093
1300108
1300117
1300161
1300185
1300186
1300202
1300220
1300242
1300265
1300266
1300267
1300275
1300282
1300292
1300300
1300303
1300334
1300353
1300359
1300361
1300374
1300375
1300377
1300395
1300399
1300426
1300498
1300505
1300528
1300537
1300549
1300551
1300555
1300566
1300572
1300605
1300608
1300613
1300616
1300618
1300656
1300659
1300678
1300685
1300741
1300752
1300802
1300820
1300830
1300868
1300883
1300894
1300916
1300930
1300945
1300958
1300960
1300977
1300992
1301061
1301106
1301136
1301161
1301166
1301168
1301169
1301171
1301173
1301198
1301230
1301231
1301283
1301328
1301342
1301345
1301359
1301381
1301392
1301409
1301419
1301434
1301445
1301459
1301465
1301498
1301509
1301516
1301578
1301582
1301601
1301617
1301630
1301679
1301715
1301716
1301720
1301726
1301746
1301753
1301757
1301798
1301811
1301849
1301853
1301859
1301865
1301867
1301886
1301890
1301895
1301897
1301899
1301912
1301926
1301948
1301996
1302050
1302054
1302061
1302077
1302090
1302100
1302109
1302133
1302181
1302193
1302205
1302210
1302235
1302271
1302279
1302303
1302325
1302355
1302377
1302425
1302434
1302455
1302457
1302467
1302476
1302488
1302522
1302642
1302673
1302678
1302705
1302718
1302753
1302770
1302795
1302827
1302874
1302926
1302930
1302977
1302987
1303001
1303010
1303017
1303021
1303026
1303031
1303036
1303037
1303066
1303067
1303073
1303075
1303083
1303086
1303139
1303145
1303164
1303173
1303184
1303203
1303246
1303278
1303333
1303364
1303376
1303394
1303418
1303447
1303451
1303459
1303460
1303462
1303471
1303472
1303482
1303485
1303535
1303542
1303543
1303545
1303554
1303559
1303562
1303577
1303590
1303630
1303654
1303698
1303723
1303773
1303815
1303823
1303871
1303907
1303910
1303913
1303917
1303987
1304022
1304026
1304038
1304044
1304056
1304073
1304091
1304102
1304141
1304282
1304304
1304310
1304337
1304338
1304406
1304447
1304469
1304476
1304485
1304490
1304530
1304560
1304585
1304608
1304609
1304613
1304624
1304641
1304642
1304643
1304648
1304676
1304677
1304687
1304708
1304726
1304758
1304811
1304826
1304854
1304868
1304879
1304898
1304899
1304920
1304942
1304970
1304972
1304981
1305034
1305046
1305053
1305060
1305065
1305068
1305071
1305084
1305092
1305114
1305158
1305164
1305175
1305179
1305182
1305183
1305197
1305201
1305217
1305224
1305248
1305261
1305265
1305279
1305306
1305333
1305355
1305363
1305386
1305388
1305456
1305466
1305487
1305530
1305541
1305543
1305566
1305582
1305615
1305666
1305686
1305690
1305697
1305703
1305713
1305724
1305725
1305791
1305804
1305858
1305902
1305903
1305915
1305978
1306019
1306021
1306029
1306031
1306032
1306098
1306123
1306130
1306154
1306160
1306186
1306213
1306249
1306255
1306303
1306317
1306421
1306439
1306444
1306449
1306450
1306454
1306465
1306470
1306471
1306490
1306505
1306506
1306512
1306518
1306524
1306526
1306541
1306564
1306588
1306606
1306607
1306609
1306610
1306612
1306626
1306634
1306662
1306663
1306664
1306666
1306692
1306712
1306730
1306737
1306785
1306795
1306799
1306802
1306808
1306809
1306830
1306860
1306861
1306870
1306885
1306893
1306894
1306911
1306939
1306951
1306982
1307014
1307023
1307031
1307043
1307052
1307106
1307125
1307181
1307200
1307210
1307263
1307265
1307306
1307315
1307319
1307323
1307332
1307345
1307354
1307363
1307371
1307372
1307389
1307394
1307427
1307442
1307456
1307463
1307474
1307488
1307490
1307493
1307503
1307514
1307527
1307535
1307542
1307545
1307547
1307561
1307569
1307649
1307657
1307679
1307681
1307690
1307694
1307696
1307697
1307702
1307708
1307739
1307740
1307747
1307748
1307749
1307755
1307762
1307766
1307775
1307781
1307793
1307800
1307811
1307812
1307849
1307853
1307856
1307868
1307897
1307906
1307914
1307921
1307922
1307931
1307955
1307970
1308005
1308010
1308038
1308047
1308070
1308074
1308076
1308078
1308086
1308111
1308120
1308127
1308130
1308156
1308162
1308173
1308191
1308228
1308232
1308252
1308288
1308290
1308304
1308314
1308338
1308379
1308429
1308476
1308480
1308482
1308498
1308499
1308520
1308524
1308543
1308554
1308567
1308570
1308573
1308575
1308577
1308587
1308599
1308609
1308620
1308627
1308632
1308655
1308660
1308672
1308685
1308686
1308709
1308712
1308713
1308715
1308722
1308741
1308743
1308745
1308746
1308747
1308748
1308749
1308750
1308751
1308752
1308753
1308754
1308755
1308762
1308764
1308767
1308769
1308771
1308772
1308774
1308776
1308777
1308779
1308784
1308796
1308799
1308804
1308807
1308811
1308817
1308819
1308820
1308827
1308831
1308833
1308837
1308838
1308841
1308843
1308848
1308850
1308851
1308854
1308855
1308857
1308858
1308865
1308890
1308892
1308912
1308927
1308950
1308974
1308976
1308978
1308979
1308983
1308987
1308991
1308993
1308995
1309003
1309004
1309011
1309015
1309016
1309017
1309020
1309021
1309029
1309042
1309043
1309044
1309046
1309047
1309052
1309053
1309054
1309055
1309059
1309060
1309064
1309068
1309069
1309070
1309071
1309078
1309080
1309083
1309084
1309085
1309086
1309087
1309088
1309101
1309103
1309115
1309116
1309120
1309135
1309136
1309145
1309153
1309156
1309160
1309162
1309163
1309172
1309179
1309192
1309199
1309200
1309201
1309203
1309209
1309210
1309220
1309235
1309297
1310153
1310159
1310165
1310166
1310170
1310174
1310175
1310176
1310177
1310185
1315316
1315570
1315574
1316506
1316510
1316511
1316513
1316565
1316572
1316580
1316626
1316627
1316693
1316698
1322848
1322851
1323746
1323749
1325005
1325399
1325958
1326038
1326208
1328665
1329286
1329562
1329936
1329949
1329950
1329962
1340517
1340528
1353745
1358421
1361252
1361254
1361276
1366165
1366853
1369747
1370276
1381964
1388175
1388176
1388180
1388216
1389915
1389923
1389924
1389937
1389949
1389982
1390020
1390021
1393479
1394218
1394268
1394324
1394424
1394488
1394825
1394968
1395080
1395091
1395231
1395459
1395776
1396313
1397546
1397550
1400240
1400665
1400868
1400935
1401118
1401135
1401196
1401205
1401261
1401282
1401385
1401524
1401526
1401533
1401535
1401618
1401842
1401904
1401905
1401962
1401966
1408100
1408312
1410556
1412579
1416435
1416728
1416895
1416942
1417042
1417428
1417728
1418019
1418070
1418076
1418187
1418189
1418190
1418191
1418192
1418194
1418200
1418519
1418570
1418605
1418640
1418752
1418834
1418919
1419136
1419416
1419856
1419901
1419933
1419934
1419935
1419936
1419941
1419969
1419974
1419992
1420010
1420080
1421275
1421278
1421673
1421733
1421809
1421823
1422020
1422063
1422067
1422086
1422089
1422106
1422186
1422306
1422889
1422908
1422912
1422913
1422917
1422920
1422922
1422950
1422952
1422954
1422957
1423035
1424218
1424334
1424469
1424582
1424627
1424629
1424639
1427319
1427834
1427947
1428051
1428055
1428175
1428177
1428291
1428378
1428577
1428578
1428580
1428581
1428602
1428877
1428878
1431617
1431685
1431688
1431690
1431699
1431718
1431719
1431946
1431947
1431960
1432146
1432180
1432509
1432669
1432972
1433156
1433183
1433330
1433360
1433417
1433556
1433577
1433673
1433701
1433736
1433990
1434184
1436768
1436846
1437109
1437204
1437342
1437544
1438041
1438300
1438337
1438338
1438584
1438652
1438689
1438734
1438746
1439205
1439579
1439890
1440703
1440742
1440855
1441238
1441602
1441801
1443650
1448755
1449711
1449845
1450031
1451911
1455442
1455979
1457217
1457218
1457219
1457707
1459148
1459368
1460341
1460888
1460996
1461124
1461370
1461403
1461919
1461964
1461981
1461985
1463224
1463872
1464067
1464338
1464368
1464540
1464548
1464563
1465415
1465829
1466007
1466290
1466394
1466897
1467044
1467748
1468154
1468155
1469049
1469441
1469984
1470346
1470600
1471507
1472510
1472783
1473074
1473297
1473562
1473795
1474180
1474185
1474405
1476023
1476973
1477448
1477506
1477916
1478063
1478064
1478066
1478926
1479377
1482055
1482072
1482077
1482079
1482090
1482099
1482101
1482107
1482297
1482316
1482911
1483239
1483507
1484091
1484760
1485260
1493481
1498811
1498818
1498831
1499008
1499148
1509868
1578502
1578503
1578507
1578509
1578669
1578685
1578714
1578723
1580620
1584750
1585146
1585236
1588945
1607471
16475702
1652587
1652618
1663415
1689787
1718162
1727557
1741703
1750027
1754628
1756073
1756361
1756584
1758487
1759371
1759386
1760027
1760104
1760622
1761172
1761854
1763132
1763134
1763905
1764796
1765009
1766086
1766827
1767042
1769507
1771061
1772560
1773216
1773217
1777612
1780122
1780168
1780330
1781126
1782964
1783457
1783461
1783462
1783772
1785166
1787277
1787291
1788392
1788431
1788940
1789283
1790577
1792917
1792928
1793200
1793491
1793903
1793904
1793909
1793912
1793922
1793929
1794171
1794360
1794367
1794435
1796053
1805685
1806543
1806555
1807495
1815638
1819388
1820145
1820156
1824414
1827042
1827713
1827955
1828115
1829230
1829654
1835843
1844413
1847588
1848925
1849031
1849371
1849959
1850797
1850963
1851187
1851683
1851857
1851906
1853160
1853176
1853621
1853752
1853770
1855131
1855834
1857099
1857175
1858678
1858711
1858802
1858876
1859036
1859053
1860745
1861411
1861935
1862151
1862397
1863102
1863766
1863955
1864199
1864290
1864990
1865012
1865561
1865703
1865943
1866131
1866264
1866424
1866433
1866462
1866471
1866473
1866475
1866479
1867332
1867335
1867345
1867408
1870044
1870128
1871800
1871817
1872133
1872272
1873750
1875313
1876765
1878616
1883701
1884684
1885124
1887455
1889053
1889152
1889242
1889243
1890157
1890572
1890784
1891179
1891211
1892510
1892527
1892530
1892531
1892578
1892848
1895120
1898223
1898357
1900121
1900180
1900840
1900841
1900848
1905462
1905777
1905786
1907464
1907465
1907966
1914652
1914787
1914831
1915393
1915403
1915729
1917074
1917160
1917171
1917638
1918027
1918208
1919245
1919906
1920620
1920796
1920799
1920805
1921583
1922152
1923474
1926007
1926142
1927369
1927686
1929436
1929461
1929463
1929497
1935146
1937257
1937401
1937502
1937621
1937946
1938312
1938923
1939173
1939414
1940094
1940867
1940880
1941242
1941283
1945253
1945330
1945336
1945549
1945780
1945797
1945800
1946786
1946867
1946882
1947080
1947089
1947091
1947114
1947144
1947266
1947270
1947282
1947549
1948937
1949005
1949312
1949320
1949321
1949328
1949761
1949811
1949812
1950148
1950192
1950198
1950525
1951163
1951318
1958031
1958400
1959195
1959877
1961963
1962116
1962319
1962968
1963066
1963070
1963131
1966182
1966460
1968438
1968502
1968790
1970437
1971111
1972698
1972701
1972729
1972732
1978369
1978709
1980825
1981242
1985677
1986338
1986567
19944106
19945757
1994876
1994879
19951149
19955769
19955828
19955871
19957083
19963896
19967839
19973780
19973815
19976774
1997679
1998649
2000741
20020577
2002683
2002741
2002743
2003389
2004482
2004613
2005723
2009342
2009392
2010972
2010975
20256636
20257326
20266753
20274039
20277433
20277632
20278505
2027899
2027938
20279443
20283482
2028585
2028634
2028640
2028645
2028647
2028650
2028659
2028661
2028666
2028669
2028677
2028819
2032143
2032459
20326665
2033187
2033543
2033822
2034948
2034997
2037012
20376577
2037796
2037833
20378794
20378811
2038174
2038365
2038379
20388198
20388223
20388224
20389706
20390185
20398972
20399278
20415220
2042219
2042235
2042617
20426995
2043404
2043465
2043546
20435622
20438962
20440456
2044089
2044102
20441632
20443013
20444530
20451290
2045259
2046839
20470074
20470260
20471852
20473389
20490940
2049435
20495023
20503269
20505641
20505982
2051007
20513059
20513061
20514902
20514947
20515070
20515394
20515977
2052978
2053515
2054024
2054026
2054070
2054932
2054933
2055017
2055699
2056093
2056653
2057552
2059225
2059313
2062677
2062678
2063528
2063914
20645098
2065021
2065047
2067450
2070367
2072478
2072848
2076181
2077287
2078398
2078906
2078989
2079017
2080007
2080130
2080133
2081098
2081376
2082013
2083735
2083944
2083967
2091015
2111619
2117844
2117898
2122766
2123510
2124586
2124703
2124708
2124724
21263666
2127788
2129039
2129042
2129132
2130163
2130545
2131291
2131459
2131640
2131649
2131654
2131669
21318488
2131940
2132120
2132187
2132220
2132290
2132412
2132430
2132473
2132475
2132486
21324900
2132495
21327493
21327512
2132930
2132932
2132941
21332518
2133293
2133323
2133337
2133340
2133379
2133422
21334420
21335021
21339392
21345845
21348876
21349345
21349734
21350556
21350559
21352814
21354060
21354076
21356379
21359619
2135981
2135983
21360417
2136824
2138299
2138838
2139553
2139766
21441132
2144242
2146991
2147836
2147854
2147872
2148257
2148619
2149804
2149806
2153526
2155676
2156945
2157504
2157507
2158222
2158490
2159331
2160611
2161696
21624974
2170915
2170916
2170919
2174535
21767183
21770915
21815004
21817627
21871405
21937438
21937445
21937450
21937452
21941770
21941804
2209368
2209573
2209575
2213591
2213597
2214140
2215609
2216966
22203896
2222995
2222996
2223596
2225321
2225784
22263645
22265121
22265299
22265634
22266012
22266320
2227293
2229243
2229427
2230888
2230905
2230906
2237378
2240990
2251569
2251924
2252773
2252775
2252778
2253586
22557335
2255841
22559478
2256034
2257732
2257759
2263102
2263112
2264715
2265778
2267155
2267369
2267372
2268359
2269893
22715021
2272222
22733673
2275370
2277018
2277204
2277841
2278017
2278795
2279152
2279772
2282449
2284851
2286642
2287938
22939161
2294565
2294568
2295401
2297265
2297275
2298282
2300450
2300586
2301242
2301363
2301701
2301706
2301772
23025359
2303163
2303845
23043659
23048775
2310144
23126901
2325873
2326212
2326215
2328234
2330733
23331914
2334814
2334904
2335122
2336735
2336737
2336783
2336785
2338019
2338058
2338160
23424586
2342568
2346881
2353023
2354729
2354897
2354900
2354908
2355582
2357162
2357302
2357374
2357699
2357701
2357703
2357707
2357711
2357713
2357719
2359431
2359450
2361266
2361386
2361823
2361826
2363506
2363843
2363876
2363919
2364054
2365260
2367243
2368641
2369549
2369845
23712691
2372389
2375792
23761370
23769147
2377539
23780577
23788440
2379039
2381810
23856234
2422588
24289477
24307637
24324730
24325798
24325815
24325861
24325923
24397586
24404677
24405378
24470523
24525283
24529254
24529353
2464346
24695277
24695966
24696982
24698878
24708811
24714535
24716033
24716045
24719063
24721493
24722875
24723061
24735062
24736526
24736566
24741412
24743696
24743711
24743728
24745500
24750126
24750534
24751754
24751756
24751757
24751763
24753477
24753687
24753810
24756984
24773958
24815950
24827387
24827406
24839498
24843198
24844032
24845115
24845116
24847340
24847343
24858414
24860289
24860318
24860563
24870808
24872189
24875534
24879820
24879839
24879858
24883463
24891524
24973419
24987018
25140779
25444447
25662327
25662329
25662337
2567646
2567647
25697098
25700838
25704492
25704588
25710912
25713408
25713420
25717176
25717233
25717896
25718082
25723583
25723907
25724855
25726614
25727048
25728010
25738406
25740192
25741398
25742242
25743833
25745494
25745651
25745752
25746375
25750820
25750969
25752261
25753166
25753326
25755608
25755645
25757186
25757187
25761178
25762270
25762566
25765735
25766754
25767747
25769362
25773932
25774050
25774051
25774126
25774760
25775571
25777330
25777512
25777636
25779218
25782633
25785114
25785314
25785807
25786060
25786077
25787888
25788426
25789352
25789402
25790555
25790749
25790761
25792690
25793398
25794212
25794230
25794302
25796222
25797778
25798131
25798222
25798411
25798448
25801066
25802407
25805054
25805741
25807345
25808075
25809384
25812712
25812885
25814705
25814707
25815008
25815034
25817534
25818101
25819229
25820460
25821124
25821461
25821634
25823035
25823132
25823277
25823833
25823840
25824686
25824741
25825412
25827935
25827963
25829175
25830732
25834473
25834735
25835285
25835293
25837262
25837574
25838463
25839662
25843976
25845397
25845910
25846858
25847558
25849006
25849475
25849480
25850122
25850443
25853073
25853727
25855071
25855951
25856453
25857966
25858604
25858758
25858759
25858785
25859495
25862354
25863940
25864085
25864124
25867546
25870084
25870236
25872311
25872931
25875021
25876760
25880986
25881247
25881628
25881780
25881786
25881888
25882861
25884416
25884741
25884801
25884822
25890005
25894431
25894885
25895276
25895901
25899379
25900249
25900819
25900945
25905124
25907029
25908042
25908051
25911595
25911694
25912924
25917787
25917973
25919910
25920885
25921812
25926267
25929151
25932086
25933898
25934014
25936147
25937854
25944714
25945280
25954475
25955491
25955779
25956520
25958704
25958713
25958717
25958787
25964071
25964630
25966085
25969201
25975249
25977027
25978126
25978207
25980443
25983044
25984803
25986180
25995508
26000205
26004132
26020796
26020814
26021055
26022182
26035290
26051523
26059437
26088403
26094129
26101255
26106958
26125779
26140241
26140405
26145033
26147706
26147991
26177735
26182910
26215216
26219652
26220717
26235349
26235839
26245360
26252157
26258767
26259202
26259634
26259677
26260853
26263428
26263437
26264454
26266072
26266892
26269510
26270502
26270517
26276364
26276373
26276498
26277313
26279124
26279202
26279289
26279353
26279433
26280528
26280710
26282448
26282530
26284595
26284621
26284955
26287884
26289126
26289144
26290365
26290367
26290642
26293468
26296258
26301582
26303622
26304167
26304310
26304901
26306656
26307755
26309788
26311973
26313740
26313973
26314816
26315270
26320029
26322774
26322792
26322928
26323031
26324232
26325320
26326395
26328479
26333560
26334559
26336253
26336727
26337866
26340301
26340305
26340419
26340522
26341750
26346327
26348414
26349397
26351526
26351867
26352462
26353372
26353881
26354336
26354572
26356789
26362351
26363254
26365236
26366465
26367579
26372545
26374205
26375609
26376454
26376558
26378579
26384493
26384515
26384741
26386034
26386465
26387939
26389069
26389148
26389466
26389696
26389697
26391916
26393561
26410593
26410594
26411201
26411409
26412106
26413269
26416603
26419637
26420932
26421442
26425072
26426026
26430107
26430636
26433966
26437237
26445216
26469862
26527937
26575103
26575937
26580232
26582012
26582438
26584763
26585014
26586432
26586766
26588314
26591649
26591654
26592040
26593587
26596486
26600660
26606242
26606743
26607693
26611801
26611804
26612285
26614893
26616436
26616690
26616719
26627754
26628329
26628357
26630781
26639958
26640371
26644002
26647117
26647163
26649604
26653676
26653833
26654146
26654498
26657126
26658568
26660834
26661191
26662193
26662345
26666177
26667056
26677495
26679552
26680247
26683290
26683353
26685451
26688480
26691361
26694988
26696879
26698000
26698897
26700818
26704620
26707472
26711487
26713504
26717795
26718828
26724235
26726098
26729868
26742730
26748673
26752852
26754513
26756049
26759539
26761325
26761416
26762709
26766869
26773744
26774722
26778790
26787574
26790961
26793157
26796845
26798437
26799232
26799731
26809592
26811587
26816086
26820450
26820833
26820836
26826398
26827040
26837951
26861685
26862259
26862829
26877106
26909423
26910820
26926321
26928304
26930375
26936217
26942631
26942645
26942674
26945085
26949241
26951692
26954003
26972275
26990609
26997663
27000061
27018285
27019527
27024903
27027913
27038183
27042405
27059130
27073291
27113517
27196380
2968813
2969282
2970087
2971730
2973079
2973543
2973851
2974273
2974278
2975682
2976111
2976123
2977357
2977957
2978639
2982823
2983255
2983986
2988163
2990737
2993217
2994843
2994851
2996640
2996790
2997052
2997076
2997134
2997155
2998253
2998270
2998373
2998439
2999500
2999913
3000078
3001077
3001149
3001184
3001472
3003137
3003830
3003836
3005387
3005496
3005875
3006123
3006309
3006424
3006772
3006781
3006783
3007773
3007809
3007817
3007825
3007826
3008244
3008247
3008672
3008712
3009079
3009161
3011022
3011033
3011049
3011051
3011072
3011091
3011093
3011102
3011235
3011308
3011380
3011459
3011550
3011574
3011617
3011997
3012009
3012012
3012013
3012032
3012053
3012257
3013580
3014302
3014957
3015835
3017651
3017655
3018122
3018123
3021273
3023155
3023164
3024654
3024838
3024983
3025375
3025447
3025669
3025673
3025809
3026357
3026572
3033085
3033864
3036460
3036464
3036465
3036473
3036478
3036997
3039187
3040418
3041264
3041269
3041281
3041294
3041749
3041753
3041806
3047617
3053521
3059036
3059403
3066083
3066739
3068206
3070319
3070921
3071441
3071461
3071469
3071471
3071509
3071517
3071604
3071624
3072064
3072086
3072124
3072185
3072804
3072889
3073073
3073124
3073158
3073198
3073647
3073648
3073875
3074303
3074307
3074408
3074482
3074503
3075287
3077408
3077412
3077413
3077668
3077680
3077701
3077739
3077742
3077791
3078384
3078386
3078390
3078403
3078514
3078517
3078549
3078609
3082452
3089571
3090455
3092010
3094580
3094696
3094909
3097352
3097445
3097525
3101548
3102668
3103186
3103418
3103683
3104794
3104798
3105162
3111355
3111650
3114109
3114200
3120852
3121610
3126196
3130180
3131599
3135483
3142101
3143676
3144388
3144512
3147941
3148013
3148027
3148068
3148089
3148748
3149087
3150816
3154003
3154392
3154909
3155477
3156117
3157583
3157605
3158429
3158432
3158990
3160978
3168086
3168089
3168993
3169043
3172300
3173528
3173635
3176525
3178770
3179706
3179741
3179758
3181788
3182864
3187790
3194312
3205571
3205624
3210534
3212106
3212120
3212133
3212221
3212398
3212965
3213173
3214137
3215099
3215640
3217122
3217128
3217142
3217149
3217165
3217169
3217770
3217894
3226150
3227266
3227410
3230115
3230165
3230459
3230462
3231740
3231742
3233635
3233761
3236520
3236904
3238076
3239892
3240208
3243344
3244162
3250377
3259956
3259973
3259993
3262050
3262091
3262918
3262939
3263169
3263814
3263820
3264045
3264229
3267120
3268171
3268216
3269018
3269068
3271093
3274505
3275168
3279054
3279080
3279107
3280079
3282396
3284396
3284397
3285088
3285180
3285622
3285632
3285642
3287562
3287613
3289081
3289086
3291178
3291376
3291930
3292949
3299241
3302627
3305722
3305873
3312344
3313801
3319741
3319755
3319776
3321409
3329192
3335371
3335463
3335464
3338821
3338851
3338862
3338879
3344570
3346464
3346527
3358309
3364223
3387483
3387546
3392569
3394878
3395373
3395437
3397503
3399553
3399559
3399850
3401409
3402101
3405642
3412830
3412882
3415993
3418187
3419943
3428529
3430271
3431336
3431802
3434070
3436659
3439340
3440075
3442220
3443074
3443389
3445526
3445906
3504940
3530403
3531406
3532614
3534824
3541415
3543262
3543318
3546019
3546035
3550132
3552028
3560787
3562662
3562827
3563200
3564151
3564315
3564499
3566266
3566709
3569910
3569911
3569943
3569969
3574495
3578756
3578920
3578925
3578939
3578981
3582181
3582229
3586471
3586725
3592853
3592854
3592859
3595323
3596502
3596513
3600972
3602084
3603547
3604148
3606971
3606973
3606975
3607666
3610047
3610676
3614963
3623024
3626364
3626365
3626372
3626416
3628370
3629232
3641108
3642835
3642843
3642866
3645150
3647523
3649049
3652297
3652302
3654340
3660428
3667102
3670447
3671986
3680627
3683409
3683521
3699737
3706859
3707070
3711725
3711760
3718269
3718279
3718323
3718424
3718447
3718460
3718665
3718782
3725295
3725324
3726072
3727653
3728249
3731463
3731581
3731625
3732499
3732780
3732800
3734112
3734350
3736637
3737102
3742360
3742937
3742981
3742987
3742993
3743049
3743114
3744561
3745292
3749943
3749947
3749974
3750103
3750104
3754946
3768185
3769423
3771562
3775167
3777800
3781860
3785918
3788587
3789848
3792508
3792799
3792816
3792848
3792868
3793023
3793783
3796613
3804470
3804629
3804746
3804891
3805091
3805946
3805953
3808604
3811342
3813779
3814081
3819871
3819877
3819939
3820191
3821067
3823425
3824274
3824339
3824672
3834175
3836070
3868141
3872249
3874981
3880545
3892449
3893805
3893814
3895511
3897667
3908423
3914500
3914513
3914547
3915458
3920977
3927734
3927750
3928370
3990098
3990500
3992381
3993559
3993588
3993632
3999549
4004715
4004731
4009651
4014405
4016551
4016948
4022090
4023638
4023725
4030411
4035906
4036000
4038241
4043647
4043763
4051608
4051753
4057312
4058964
4059245
4062922
4066125
4066206
4067285
4068816
4073872
4074009
4074158
4074292
4074744
4078562
4082544
4086853
4097023
4099231
4100696
4102971
4109909
4111416
4116480
4116481
4116936
4117302
4118060
4122194
4126925
4132407
4133814
4133988
4135434
4135443
4135702
4135710
4136036
4145476
4146512
4151110
4151284
4154632
4154669
4156402
4158027
4160540
4164444
4166487
4168733
4173583
4176542
4179012
4180445
4190211
4191644
4196129
4196227
4202204
4202302
4202326
4202982
4204586
4206357
4206436
4206477
4212172
4215790
4217426
4218768
4221515
4226741
4230918
4236817
4237863
4237879
4246125
4249355
4253447
4253448
4268598
4270672
4271832
4271894
4275502
4280102
4284085
4286017
4290704
4291272
4291275
4300525
4300640
4301043
4301181
4301224
4301274
4301278
4301285
4301662
4304402
4305436
4307349
4308001
4312232
4312428
4313109
4319218
4319445
4323732
4326412
4328443
4603382
4604803
4707230
4707585
4707596
4709671
4709904
4711195
4712730
4718369
4719384
4724373
4724739
4727460
4728076
4728471
4728518
4728584
4735944
4739952
4746257
4767216
4798707
4798888
4807924
4811813
4812830
4816602
4817901
4821015
4821046
4822829
4822848
4824223
4824512
4824515
4826330
4826419
4830236
4830478
4830911
4832288
4832564
4832825
4836985
4838667
4841238
4842877
4843480
4843637
4844903
4845414
4846693
4847665
4848115
4849728
4851900
4858775
4861627
4873490
4876722
4881217
4881607
4883258
4883300
4883425
4885995
4888039
4888853
4889554
4892642
4896263
4896304
4896305
4896894
4901684
4902100
4903613
4903614
4904026
4906427
4913185
4913200
4914468
4914616
4914656
4915107
4915857
4917698
4917726
4919019
4920389
4920528
4921358
4924142
4924694
4924799
4926002
4927785
4934987
4935011
4935242
4942776
4942778
4944008
4946963
5028328
5028536
5036969
5044737
5044739
5045678
5149279
5151357
5151892
5151939
5153254
5153329
5153883
5154197
5154799
5155038
5155169
5157137
5159370
5160385
5194471
5208150
5244092
5247059
5250349
5250583
5258036
5262027
5262338
5262339
5265471
5273304
5279593
5279979
5285669
5285692
5290729
5294324
5294326
5294344
5295610
5308201
5308265
5313367
5317291
5318665
5318669
5319835
5320233
5320600
5322596
5323911
5323957
5323968
5326589
5327217
5327268
5327463
5332266
5343629
5344178
5346468
5350027
5353344
5355067
5355187
5360033
5360889
5360890
5364905
5364952
5364987
5366708
5374383
5377640
5380919
5387025
5387041
5403927
5415301
5422105
5423362
5446197
5446226
5502697
5503303
5681006
5681026
5908477
5908478
5910040
5915752
5919538
5924362
5941455
5948613
5955975
5960606
5964718
5967821
5968334
5968834
5972040
5975206
5977478
5977789
5977835
5977836
5977838
5985888
5985961
5989818
5993138
5993185
5995338
5996409
5996799
5996800
5996801
6006087
6007281
6008287
6010171
6011805
6011806
6015756
6018984
6019180
6021916
6024430
6037977
6039412
6040982
6041191
6041194
6041199
6041200
6041222
6041817
6053679
6053731
6057942
6062731
6068516
6070226
6078003
6080775
6080840
6082518
6083109
6091398
6097775
6110546
6120832
6123978
6124012
6126442
6128003
6128025
6128922
6129462
6146955
6221409
6225992
6307447
6311303
6313765
6383498
6386345
6390823
6390825
6390832
6393127
6424814
6425116
6425147
6430835
6432898
6511042
6514105
6517421
6518638
6527269
6532822
6533054
6534248
6536180
6537486
6537500
6538833
6539385
6549903
6557144
6558262
6558801
6560058
6601382
6710798
6719716
6721670
6722879
6730004
6738735
6738760
6745433
6753166
6755346
6757776
6758119
6759229
6768838
6771529
6776051
6778368
6781971
6782006
6786002
6788265
6788517
6791750
6796158
6799191
6800483
6803494
6811422
6814906
6827727
6828823
6829652
6829665
6839145
6843843
6844868
6845529
6845667
6846495
6846893
6860147
6860160
6866928
6869395
6869412
6870493
6872244
6872273
6872936
6873042
6873143
6873657
6873736
6873819
6874403
6874441
6874456
6874741
6875263
6875402
6875420
6875451
6875647
6875863
6877703
6878446
6879185
6880497
6880590
6886518
6887029
6890730
6894068
6900092
6900094
6902929
6905169
6957273
6957293
6959152
6973376
6973460
6982558
6984064
6985803
6985810
6985986
6991110
7015714
7015798
7046723
7051294
7051357
7051373
7051375
7051830
7051900
7052437
7054604
7056414
7059671
7062596
7064681
7065154
7065161
7065187
7065211
7065417
7152895
7155005
7155083
7564989
7916027
